0 
68 
70 
-96 
0 
88 
-12 
-82 
-26 
-74 
-38 
-16 
2 
0 
76 
68 
18 
14 
-32 
-54 
68 
-98 
-30 
60 
42 
-86 
18 
24 
94 
-58 
-72 
98 
-90 
-100 
-96 
-84 
-8 
96 
38 
-30 
-78 
-100 
-40 
-72 
0 
-64 
96 
22 
-46 
-36 
68 
-78 
72 
42 
-14 
-82 
-38 
10 
44 
60 
52 
-24 
60 
-32 
80 
-32 
88 
-28 
-36 
26 
-52 
90 
-70 
8 
-82 
30 
44 
-86 
58 
98 
82 
-70 
26 
-42 
-22 
16 
-22 
40 
-74 
26 
0 
80 
-98 
-40 
52 
84 
28 
40 
60 
-4 
70 
-92 
-14 
-100 
16 
-92 
30 
64 
26 
92 
64 
10 
28 
94 
-28 
-94 
10 
50 
46 
38 
80 
50 
-78 
84 
-88 
-22 
-28 
-56 
-82 
-68 
42 
88 
46 
32 
-8 
-38 
-54 
26 
-72 
72 
20 
-4 
86 
-52 
94 
-40 
-46 
4 
14 
4 
46 
-4 
-46 
-28 
84 
70 
50 
-44 
-84 
-28 
92 
-38 
64 
38 
-2 
-44 
6 
44 
84 
-62 
18 
-92 
34 
-92 
-44 
-68 
-32 
-86 
36 
-12 
18 
88 
84 
72 
-40 
68 
-52 
16 
28 
-36 
88 
-76 
-70 
54 
-32 
28 
-90 
74 
-26 
-2 
