-100 
-100 
-100 
-98 
-98 
-96 
-96 
-94 
-92 
-92 
-92 
-92 
-90 
-90 
-88 
-86 
-86 
-86 
-84 
-84 
-82 
-82 
-82 
-82 
-78 
-78 
-78 
-76 
-74 
-74 
-72 
-72 
-72 
-70 
-70 
-70 
-68 
-68 
-64 
-62 
-58 
-56 
-54 
-54 
-52 
-52 
-52 
-46 
-46 
-46 
-44 
-44 
-44 
-42 
-40 
-40 
-40 
-40 
-38 
-38 
-38 
-38 
-36 
-36 
-36 
-32 
-32 
-32 
-32 
-32 
-30 
-30 
-28 
-28 
-28 
-28 
-28 
-26 
-26 
-24 
-22 
-22 
-22 
-16 
-14 
-14 
-12 
-12 
-8 
-8 
-4 
-4 
-4 
-2 
-2 
0 
0 
0 
0 
0 
2 
4 
4 
6 
8 
10 
10 
10 
14 
14 
16 
16 
16 
18 
18 
18 
18 
20 
22 
24 
26 
26 
26 
26 
26 
28 
28 
28 
28 
30 
30 
32 
34 
36 
38 
38 
38 
40 
40 
42 
42 
42 
44 
44 
44 
46 
46 
46 
50 
50 
50 
52 
52 
54 
58 
60 
60 
60 
60 
64 
64 
64 
68 
68 
68 
68 
68 
70 
70 
70 
72 
72 
72 
74 
76 
80 
80 
80 
82 
84 
84 
84 
84 
84 
86 
88 
88 
88 
88 
88 
90 
92 
92 
94 
94 
94 
96 
96 
98 
98 
